7.670181274414062500e+01
6.096942138671875000e+01
5.673941802978515625e+01
5.668280792236328125e+01
5.358504486083984375e+01
5.195354461669921875e+01
5.076701354980468750e+01
4.999549865722656250e+01
4.944091415405273438e+01
4.761324691772460938e+01
5.785282135009765625e+01
4.657426071166992188e+01
4.430199813842773438e+01
4.261725997924804688e+01
4.201579666137695312e+01
4.123195648193359375e+01
4.001756286621093750e+01
3.917598724365234375e+01
3.841603469848632812e+01
3.825062942504882812e+01
