7.670181274414062500e+01
6.096942138671875000e+01
5.673941802978515625e+01
5.668280792236328125e+01
5.358504486083984375e+01
5.195354461669921875e+01
5.076701354980468750e+01
4.999549865722656250e+01
4.944091415405273438e+01
4.761324691772460938e+01
5.785282135009765625e+01
4.657426071166992188e+01
4.430199813842773438e+01
4.261725997924804688e+01
4.201579666137695312e+01
4.123195648193359375e+01
4.001756286621093750e+01
3.917598724365234375e+01
3.841603469848632812e+01
3.825062942504882812e+01
3.751966094970703125e+01
3.702900314331054688e+01
3.642106628417968750e+01
3.591084671020507812e+01
3.548163604736328125e+01
3.503214263916015625e+01
3.455998611450195312e+01
3.413518142700195312e+01
3.432443237304687500e+01
3.373130798339843750e+01
3.354903411865234375e+01
3.339123916625976562e+01
3.316099548339843750e+01
3.297879028320312500e+01
3.284874343872070312e+01
3.290962600708007812e+01
3.258394622802734375e+01
3.251675033569335938e+01
3.241914367675781250e+01
3.232548141479492188e+01
